7.8171740,3.5039320,4.5857027,2.1535706,1.1412168,1.0460683,2.8506942,2.6267843
-6.4850004,-4.3030430,-5.5495238,-5.0124697,-5.6940143,-6.9364571,-6.7265209,-7.2885613
0.5759252,2.3284404,1.3681752,2.0324279,1.9520523,1.0238157,1.2777369,-1.0837358
3.2932868,5.6086295,4.5266768,6.3934788,6.2071204,5.6350691,5.9323285,3.0705340
-2.1735787,-1.2655318,-2.0301601,-0.2192534,-0.7051978,-0.7410576,-1.5383875,-3.7045994
1.8732425,1.3405181,0.9338941,1.9291725,1.2662523,1.1116305,0.4065321,-1.6934784
0.5585696,1.6131988,0.6724306,2.0487716,1.4255218,0.9454571,0.3992182,0.0925981
-4.2655231,-4.2338187,-5.1997925,-4.4162999,-5.3752443,-5.8363493,-5.9962902,-4.6298517
-2.6803665,-2.7140163,-3.8486510,-2.6470994,-3.6786711,-4.4051351,-4.1651858,-3.2022329
1.4279816,1.3287674,0.5501613,2.0742540,1.5621295,1.1038417,1.5515432,1.5651746
-1.7235476,-1.2761355,-1.8566802,-0.7958390,-0.8751631,-1.0439606,-0.9781757,-1.2879566
-2.2101997,-0.6912082,-0.9222634,-0.5033079,-0.5536954,-0.7544286,-1.1675914,-1.5508351
0.6222427,2.3139386,2.8471085,3.0794738,2.9788199,2.8764466,3.3322732,1.6683339
0.7748864,0.0454329,1.1848640,0.7488733,0.5539191,0.7191571,2.5346405,0.5823830
1.3694905,-0.1239447,0.6539109,0.4168021,0.1976593,0.1311304,1.6654637,1.9955918
4.3163541,4.0860120,4.5935266,4.8604035,4.7629893,4.5471643,5.4497057,6.9700415
1.9444536,1.1661603,1.8550138,1.1286429,0.8090883,1.1525336,2.0847830,2.9196032
-2.7969436,-2.0394270,-2.4054674,-2.3836459,-2.5143671,-2.1605398,-1.2834868,-1.2299407
2.5288107,4.5876869,3.8909874,4.8629020,5.3533074,5.6764208,6.8717929,6.0380807
1.6834209,2.8478161,3.1406040,3.0842016,3.2455413,4.4847837,4.9915987,3.5180738
-3.0083626,-2.6670281,-1.8114900,-2.6750293,-2.9918003,-1.5752906,-2.1324976,-3.1134780
-1.7534204,-1.1618048,-0.5800937,-1.0895653,-1.1982923,-0.7388297,-1.2973381,-0.3964740
-2.8547722,-3.4906244,-2.7424017,-4.2511262,-4.6469096,-3.9564101,-3.9570990,-2.1900965
-5.1466326,-6.0030946,-5.2414040,-7.2377611,-7.5082794,-6.1392110,-6.0801877,-5.5258125
-2.2652890,-2.1494626,-1.6896670,-2.8512413,-2.0566440,-0.5934004,-0.9059647,-1.4180265
-3.5495102,-2.7467098,-2.5114780,-2.9604517,-1.6780736,-0.3187603,-1.2697128,-2.0405566
-2.1238378,-2.2652855,-1.9860498,-2.3668544,-1.4261862,-0.7541706,-1.4127129,-1.9649516
-0.6455520,0.6248827,-0.1581093,0.9164886,1.7160303,1.2139013,0.9866359,1.3304659
-1.1375857,-0.6848865,-1.5035628,-0.6357349,-0.4364491,-1.2604726,-1.0652126,0.2387004
-3.0256204,-3.3612674,-3.4823149,-3.6786302,-4.1337079,-5.2631520,-4.8535721,-2.9429867
-3.0978845,-1.2629004,-1.4054722,-1.4497322,-1.3039288,-2.9822412,-2.3991408,-0.9582252
-0.7217068,1.1855585,0.9173600,1.3088523,2.3694316,0.5380111,1.6295606,1.6688868
3.0819345,1.0437074,1.0466475,1.1764891,2.0746979,0.7236158,1.9688122,1.0757024
3.5701688,-0.1754564,-0.3112617,-0.0313784,0.2834315,-0.0965215,-0.0900706,-0.9305243
3.4835372,0.6137396,0.4315699,0.7762451,0.6580181,0.8134772,-0.1739118,-0.5458965
3.3532259,1.3278926,1.3168983,1.5513852,0.9153774,0.3386596,-0.2800909,-0.2741744
3.7634845,1.7924710,1.8919898,2.2375450,1.4743258,-0.1507686,-0.2307869,0.0111486
4.5774130,3.2585812,2.9737315,3.7746411,3.2746062,1.6961727,1.5828769,1.5321513
5.3501369,4.9480975,4.0372831,4.9406080,4.6119275,3.8801587,3.8642004,3.2498081
5.8354499,6.0651555,4.7950999,5.7564069,5.9402067,4.7462798,4.8314196,4.6849614
5.7942869,6.1501532,4.8865039,5.7696790,6.1237448,3.8017163,3.9910175,4.3652287
6.2152091,7.0974216,5.6804828,6.5461834,6.1355540,3.8160706,4.4963016,4.4178714
4.8232996,6.1293681,4.6451227,5.7976613,4.8769056,2.8780312,3.8525040,3.7776626
1.4279709,1.6444081,0.5823561,1.3482924,0.2021299,-1.5258544,-0.3511188,-0.0622429
-1.1884704,0.1155107,-0.9727017,0.0779533,-1.1475609,-2.4104800,-1.4340245,-0.8286482
-1.6619041,0.4911066,-0.1716981,0.9354642,0.3468453,-0.3452831,0.0244147,0.8604017
-2.7321444,-2.4084433,-2.3477132,-2.1179618,-2.1472302,-2.0854758,-2.1657156,-1.8349768
-4.9021951,-5.1525621,-5.1813567,-5.3102972,-5.7287646,-4.4077723,-5.3180676,-4.9372535
-6.5413277,-6.1177557,-6.1539632,-6.6110847,-7.6419681,-4.9424810,-6.8648874,-5.3677321
-5.6363051,-5.3729200,-4.8244360,-5.6207997,-6.3852702,-3.3371916,-5.2629551,-3.4230368
-6.0086923,-5.0003465,-3.8918109,-4.4933457,-4.2612243,-1.7367224,-3.4526955,-2.4444184
-6.4133448,-4.9823223,-3.1176597,-4.2458844,-3.6029793,-1.2735293,-2.9047551,-3.1482455
-4.2229386,-3.7981247,-1.3528900,-2.8003958,-2.2537191,-0.0730522,-1.5739527,-2.1266445
-0.7402161,-1.7731765,0.5202545,-0.6935516,-0.1082601,1.6422881,0.3498150,0.2222820
-0.2173561,-0.4177326,0.9137050,0.1397907,0.6409375,2.0615780,1.1140891,0.2623541
-0.1068922,0.2403412,1.2658424,0.1475300,0.5656561,2.0455336,1.3195628,-0.1684618
0.3215474,-0.6137182,0.5541203,-1.1065055,-0.6758787,1.0942431,0.2888639,-0.4110992
-1.1571140,-2.0321457,-1.5787488,-2.4529592,-2.2366313,-0.2843761,-1.1286712,-1.1630656
0.0478001,-0.7864318,-0.9468723,-1.3260236,-1.2017019,0.6541831,0.3582943,-0.0308682
2.5624364,0.8261170,0.7706753,0.0565978,0.4672496,1.9575887,2.4526127,1.6843791
-0.1614703,-0.8144850,-0.6766447,-1.2268312,-0.5000448,0.5326683,1.0664202,0.5299320
-2.2824072,-1.9541749,-1.3507232,-2.2285552,-1.3272955,-0.5632754,-0.1776861,-0.5653255
0.0258230,0.1527194,1.0425370,-0.1120188,1.0082142,1.3654434,1.7684409,1.3378654
0.9223267,1.4184648,1.7256478,1.3228269,2.4778677,2.1060427,2.5897221,2.0030550
-1.1135408,-0.4734264,-1.2284963,-0.6755480,-0.0026960,-0.7752474,-0.0464948,-0.4491785
0.6635031,0.0187036,-0.8398322,-0.2556441,-0.1711387,-0.6586757,0.0113671,0.2302597
3.3780386,2.2862561,1.9777228,2.0999263,2.0653450,1.7577238,2.4021278,2.4439799
1.2819350,1.6438351,0.9493482,1.7728334,1.9215040,0.8837670,2.1418137,1.8046932
-0.1312429,0.6586733,-0.2868493,1.2619281,1.3332024,-1.0717326,0.8578021,0.6341708
0.5502919,0.0398595,-0.0927440,0.7544818,0.3240531,-2.7347389,-0.5895838,-1.2730044
0.4823620,0.1132711,0.2175244,1.1578101,0.1593473,-2.6569881,-0.8023775,-2.1698292
0.4676334,1.8747778,1.4525063,3.0706754,2.0563502,-0.6811945,0.3845543,-0.4727714
-0.1298663,1.5666390,1.1148466,2.0198593,1.3591483,-0.8666666,-0.7571306,-0.6852188
0.7605078,0.9845217,0.9925239,0.8355549,0.3552488,-0.7636785,-0.9929668,-1.0678960
1.0359314,1.7324767,1.3653366,1.3471101,1.2481997,0.5486977,0.2338459,0.1681518
0.7821784,2.0014795,1.1190559,1.2160567,1.3041508,0.6918376,0.3037366,0.6613131
0.7580330,0.6867862,0.1939307,-0.2335037,-0.5750090,-0.9752763,-1.3109608,-0.9601645
-0.3557289,-0.4736506,-0.7160222,-1.4028228,-1.8323221,-2.2004346,-2.6391776,-1.5424689
0.4379637,0.7995626,0.7774182,-0.3176763,0.0182774,-0.1836500,-0.4846238,1.3039909
1.6795164,1.6071432,2.2677862,0.8174953,1.7916055,2.1353172,2.1532457,3.0398280
0.4057988,1.0585159,1.6374912,1.0173004,1.6211378,2.4562139,2.3717473,2.3166791
0.4418338,0.8316049,1.0064789,0.7732958,0.5714626,1.9466883,1.5858293,1.3355831
1.3349116,0.1449963,0.0880989,0.0352734,-0.5942501,1.3512030,0.4811113,0.2560869
1.0818398,-0.2579980,-0.5785598,0.2525273,-0.4619573,1.3132829,0.0427561,0.4729007
-0.2310104,-1.5883803,-1.8174365,-1.2078918,-1.7249649,-0.6122261,-1.9362721,-1.0937654
0.5755633,-1.1451818,-1.2387935,-1.5931173,-1.6715707,-1.0674371,-2.0829450,-1.9379214
1.8153884,1.7558873,1.5669768,1.6486635,1.7634116,1.9505201,1.3167204,1.2823641
0.7213536,1.2555362,1.0918725,1.7637346,1.5933325,1.9948052,1.2353111,1.6353173
1.0202908,-0.0605561,-0.2490551,0.0566315,-0.2044865,0.5987851,0.1164000,0.1406319
0.6835503,-0.0407219,-0.2208406,-0.0631300,0.0350490,0.2690518,0.5134255,0.4649571
-1.8122946,-0.9116916,-1.2923225,-0.6097653,-0.3212033,-1.1481553,-0.9152732,0.2366874
-0.6585132,-0.1840047,-0.7599704,0.0925548,0.5398523,-0.7970930,-0.5684235,1.2361974
1.8105669,0.5651349,0.4504277,0.5939003,1.0939150,0.4175474,0.9432003,2.0446948
-0.5094994,-1.4636401,-1.3188620,-1.4390862,-1.6718054,-1.0875983,-1.1428328,-0.7573009
-2.7625522,-2.6627239,-2.2149203,-2.4397058,-3.0605851,-2.2238244,-2.7478020,-2.8752410
-1.7199703,-1.8789653,-1.3090632,-1.6996316,-1.8454046,-1.8364380,-1.5999919,-2.3053831
-2.4682456,-2.0589535,-2.4001107,-1.9091794,-2.1259520,-2.6157538,-1.7059639,-2.6605441
-3.7228689,-2.4244896,-2.9968800,-1.9635595,-2.2492646,-2.5451128,-1.6265585,-2.5313757
-0.4791861,-0.7126119,-0.3330708,-0.2946928,-0.0415334,0.2322680,1.2105122,0.3195721
0.3034367,-1.0441253,-0.2919440,-0.6433826,-0.1321191,0.2074023,1.0453693,0.1445870
-1.6682558,-2.0357044,-1.5683507,-1.0883170,-0.4489489,-1.1176332,-0.4224486,-1.2999128
-0.5359872,0.3148986,0.5708238,1.2128955,1.9553138,0.6285395,1.3752571,0.1616899
0.5908165,2.1869838,2.4209795,2.0541143,2.3193158,1.5120503,2.2499536,0.9390911
0.1216717,2.1122957,2.1409852,1.4919926,1.2402635,1.0926022,1.7384844,1.6825845
0.9989274,1.9176462,2.0632561,1.2616705,0.8751516,1.2514484,1.6361516,2.7946955
1.7571863,1.4011521,1.8978070,0.6286006,0.1751927,0.9022418,0.8619159,1.5713517
1.7028122,1.4990495,1.8027996,1.2379129,1.0230130,1.5901551,1.2872277,1.1576177
-1.1523861,-0.3442072,-0.5590822,-0.3088210,-0.1361233,0.1838853,-0.3992709,-0.4776211
-2.9113585,-2.9105605,-2.8437218,-3.5558475,-3.4993563,-2.7547276,-3.6588268,-3.5472036
0.0366828,-1.1763215,-0.3722342,-2.1345370,-2.2282573,-0.9009489,-2.1967931,-1.7766666
1.0698667,0.5569251,1.3267651,-0.1075839,-0.3982473,1.0367665,-0.5101684,0.6152710
0.0163154,-0.1786977,0.0816615,-0.6908203,-1.3395118,0.2816687,-1.0889202,0.1256822
2.9113746,2.7562740,2.6322875,2.3988678,2.2041162,3.6139981,2.3953626,3.5226070
3.8629552,4.5665035,4.2477188,4.4985469,4.9106076,5.1637429,4.0539218,5.4620278
0.2175729,0.2668687,0.4501672,0.3724392,0.6978906,0.2286338,-0.3341940,0.3164353
-0.9255760,-1.6830020,-1.1782079,-1.0529932,-0.6532395,-1.1958740,-1.3410519,-1.6347917
0.0381639,-0.6783645,-0.7948051,0.2495200,0.9830880,0.4277210,0.2690351,0.4251740
-1.1586541,-2.6319790,-2.9357249,-2.4162428,-1.5020634,-1.8720185,-1.7898609,-1.8597822
-1.6898040,-2.8990746,-2.6883808,-2.8018136,-1.7922069,-2.3427356,-1.8196527,-3.1223854
-1.7711902,-1.5101162,-1.3444918,-0.6341579,0.0342197,-0.8570957,-0.4095662,-1.7471772
-2.7388606,-2.6897605,-2.9041521,-1.9306206,-1.9251884,-2.6088606,-2.3783473,-3.4052133
-1.4926939,-1.2881652,-1.7331828,-1.1175100,-0.9689367,-1.6428748,-1.2036649,-2.4347000
-0.9096143,0.5719553,-0.0941410,0.6512613,1.1427703,0.3856992,0.9468031,0.0639330
-1.8537594,-1.0233457,-1.7390229,-1.0463642,-1.0479766,-1.6854945,-1.0257010,-1.3518659
-0.6457245,-0.5539507,-1.4060462,-0.5861572,-0.8712829,-2.0084705,-0.8230410,-1.2732924
0.0881327,1.0832685,-0.1774363,1.0965570,1.0201167,-0.7966807,0.7717567,0.1926690
0.5514597,2.3468969,0.8577734,1.9625359,1.5066426,-0.4314749,1.1799686,0.5986642
2.9651230,5.0367004,3.7200555,4.3357179,3.2618523,1.7101987,3.3225835,2.2162852
4.8768386,5.9957614,5.2753382,5.8660363,4.9583561,3.5867706,5.4017639,4.3557337
4.3125923,4.3418377,3.9032195,5.4133203,4.7708021,2.4495847,4.7040453,4.4493389
1.0403135,1.8019964,0.8040607,3.2751185,2.5123141,-0.6866331,1.5276475,1.1094459
-1.4432502,-0.8540489,-1.9545131,0.0228900,-0.9297171,-3.9159001,-2.1773395,-3.1037896
-0.4347836,-0.8904329,-1.6704895,-0.4730137,-1.5001902,-4.1654813,-3.0329087,-3.2604683
1.4662101,1.3691395,0.5475014,1.5598451,0.5476244,-1.2085961,-1.0935640,-0.3011766
1.8890356,2.2625141,1.6222686,2.3734884,0.8129765,0.9833930,0.0500929,1.2303111
0.7505468,1.1238279,0.8395678,1.1434323,-0.5463877,1.3269217,-0.3540468,1.3199125
-0.1222933,-0.7537077,-0.5388159,-1.1477489,-1.9572108,0.9917530,-0.7413047,1.2636219
-0.6842149,-2.3326137,-1.4300533,-3.1332027,-3.4948895,0.1691483,-1.0463918,0.4587574
-2.2785030,-2.9998277,-1.5058236,-3.6753999,-3.9232923,0.0614404,-1.5558976,-0.1547031
-0.8792808,-1.7523381,0.3482585,-2.0540205,-2.1961446,1.5458743,-0.7570082,0.7327618
0.0486981,-2.0191482,0.2225954,-2.5199038,-2.7938295,0.7186424,-1.4596875,-0.8546980
-1.1080152,-1.8937748,-0.1342337,-2.4301856,-2.2674209,1.1088164,-1.2848633,-0.7385547
1.7888106,2.1049159,3.4852165,1.9126314,2.9923715,5.8504971,3.1032623,4.3990706
1.7734201,0.7763245,2.3004211,0.2005193,1.6624513,4.2641068,2.0012773,2.3912393
-2.1737089,-3.1870698,-1.7247244,-3.7928286,-2.0877876,0.1144354,-1.3809644,-2.3347620
-1.8117640,-1.5925152,-0.5345336,-1.6288383,0.5368207,2.0219261,1.1500422,0.0992844
-1.4537328,-1.9636943,-0.7544652,-2.3544378,-0.3351446,1.0421643,0.5833276,-0.3692016
-2.0251425,-3.8481800,-2.5596705,-4.6886856,-3.3326898,-2.2841704,-2.4118598,-3.5135958
-0.0841002,-1.2254113,-0.7447748,-1.5401616,-0.6976343,-0.7688128,-0.7894166,-1.6059971
-0.0103346,-0.7678800,-0.8254019,-0.7163966,-0.3197718,-1.0118086,-1.2762647,-1.3592200
-1.9400968,-2.6489123,-2.8568173,-2.6858934,-2.4112583,-3.1579074,-3.0163128,-3.2248198
0.0271774,0.1017881,-0.2474124,0.1661971,0.7418019,-0.2262888,0.9021996,-0.0512107
0.9717947,0.5298679,0.1163554,0.6307153,1.1788538,-0.0390764,1.3248682,0.9595216
-1.1323926,-1.0832287,-2.3131797,-1.2767591,-1.0647974,-2.3528310,-1.3906383,-0.5759579
0.5624982,1.6580959,0.1443652,1.3279349,1.6978749,0.5676424,0.9904598,2.3548747
2.6551810,2.1817394,1.8595636,2.3892627,3.1205120,1.7571034,2.2946326,3.2156145
-0.5312008,-1.1544308,-1.1144723,-0.0096065,0.5865243,-1.5034047,-0.0579457,-0.7667678
-1.5264524,-1.4246284,-1.5141781,0.3041786,0.1851028,-2.0506839,0.0246870,-1.6577944
0.2494030,0.0846380,0.2750079,1.7008425,0.6958363,-1.2429213,1.0384596,-0.2417722
-0.6325757,0.1312773,0.0713416,0.8908510,-0.2773150,-2.1074033,0.1393879,-0.8007795
0.1069200,2.2728428,1.6290404,2.0178175,1.2699807,-0.4537449,1.2792560,0.4474821
0.9915047,4.1803641,3.0112603,3.4543337,3.0888795,1.4943443,2.3601212,2.3555049
0.1693018,3.2384369,1.8431474,2.4505090,2.1216673,0.7335215,1.0299704,1.8317003
1.2242459,2.9397884,1.7463981,2.2301082,1.1723945,0.4295173,0.8218774,1.0235245
1.4334384,2.8891208,1.8434004,2.2680280,0.8893124,0.5943806,0.9847341,0.4828087
1.5366273,2.7167664,2.1377076,2.0785562,1.4043115,1.2005513,0.9743267,0.7811665
2.1107383,2.2177435,2.3768637,1.9451301,1.7009685,2.0488969,1.2589498,1.2412668
0.0587409,0.3325327,0.6003423,0.7094579,0.6113700,1.2769908,0.3007123,0.5450648
-1.4770243,-1.5033692,-1.1377524,-1.0058589,-0.9387984,-0.3828875,-1.5083087,-0.8637211
0.7548300,-0.7811527,-0.0519640,-0.5737864,-0.7735341,-0.0401556,-1.1695249,-0.8118785
1.4524724,-0.3213258,0.2081552,-0.1932005,-0.8651172,-0.2470663,-1.4833343,-1.3113661
0.1170006,-0.9258671,-1.0851595,-0.7742270,-1.6092978,-1.2334560,-2.7588892,-2.5816720
1.4238115,0.5527830,-0.0817263,0.5037120,0.0704898,0.6964639,-0.6239330,-0.2893463
-0.2403927,-1.2003335,-1.6960629,-1.2431860,-1.2593267,-0.2127436,-1.1876002,-0.4441858
-3.4012207,-4.0906095,-4.4876432,-4.1196684,-4.2521516,-2.6649134,-3.5586885,-2.9161610
-0.8661072,-1.7091126,-2.0286571,-2.0716664,-2.1468055,-0.4255766,-1.0129891,-0.8495142
0.6198703,-0.6261013,-0.2461292,-1.0422022,-0.7265634,0.4054054,0.2022187,0.0604293
-1.7884648,-2.0981586,-1.6855397,-2.3654306,-1.9219581,-1.4291013,-1.5521965,-1.5545297
-0.3614942,0.1575816,-0.2618648,-0.0425283,0.5112313,0.5164189,0.7326078,0.7905912
1.4947971,2.0233666,1.4617025,1.9499027,2.6321038,2.7053467,3.3742686,3.1478828
-1.1085340,-0.3121525,-0.3599980,-0.0959303,0.6243950,0.7897910,1.4182258,1.3119393
-0.9506340,-1.2379669,-0.7823737,-0.7429659,0.2152547,-0.3289254,0.4900391,0.5087190
0.8662316,-1.3922369,-0.5559491,-1.5223468,-0.4252605,-0.9319497,0.2097822,0.0647240
-1.5382489,-3.2695093,-2.5669137,-4.1710308,-3.2216510,-2.9343381,-2.2859340,-2.2819340
-2.7232876,-2.4354203,-2.3006754,-2.8701589,-2.2497648,-1.9823054,-1.5674690,-1.8240498
-0.5785787,-0.0047605,-0.0913998,0.1163130,0.4181786,0.3160907,1.1051435,0.3222493
1.2739411,0.9980796,1.1627703,0.8941461,0.9857872,0.4761182,0.9716757,0.4431847
1.1883807,1.6010919,1.8589336,1.6831426,1.3241642,0.0826939,0.1837710,0.0950319
0.0505394,1.5427075,1.7323786,2.2014326,1.2863392,-0.1473168,0.0581988,0.0165484
-0.7153325,0.9433478,1.1287899,1.8264312,0.9217333,-0.1472142,-0.0216097,-0.4444949
-0.5073239,0.4953745,1.1010663,1.5597243,1.3022083,0.3987942,0.6777130,-0.0278411
-0.1883302,-0.1237616,0.8882409,0.6045820,0.8594977,0.1989565,0.8294683,0.3755631
0.1364254,0.5460893,1.0748174,0.4582576,0.6470196,0.4321576,0.6721227,0.9401211
0.0619254,0.7214513,0.6312640,0.2160666,0.0008705,0.3182151,-0.2643346,1.0028509
-0.7700687,-0.8023844,-0.8215914,-1.7130003,-2.3519271,-1.3488316,-2.3150441,-1.4632263
0.1079955,0.1137510,0.2008933,-1.0377990,-1.5465348,-0.1600271,-0.9710538,-1.4509460
1.8132166,2.2033091,1.8042703,1.4495097,1.4731578,2.5979139,2.1033059,1.9369963
0.8438565,0.8586894,0.1654551,0.5135890,0.2993312,0.8507831,0.5210089,1.4369762
-0.9125332,-1.8679057,-2.2220422,-2.1434491,-3.0350039,-2.5381312,-2.8602605,-1.4960185
-0.5836460,-1.7761226,-1.9644584,-1.6686244,-2.3350598,-1.6248680,-1.9937165,-0.7176730
0.0960155,-1.2861712,-1.2260048,-0.7431315,-0.9844650,-0.5356136,-1.0850346,-0.3180932
-0.1263600,-1.8650940,-1.4738012,-1.1507512,-1.4590405,-1.1484437,-1.8473329,-1.1993054
1.1290088,0.6045889,0.7396472,1.7629597,1.8310697,2.0494830,1.7599045,2.4691709
1.5794951,2.4269972,2.1714192,3.0032841,3.5865152,3.7187555,3.8086146,3.9130149
-0.7985537,0.2358494,-0.2721208,-0.5405127,-0.2331590,0.3458141,0.2058508,-0.2607230
-1.6174092,-0.2499781,-1.0523888,-0.8508763,-0.8331890,-0.6179483,-0.8228976,-0.8493994
0.2979689,0.8774548,0.5259055,0.8816597,1.2389771,0.2472583,0.4739110,0.9454372
1.0555994,-0.1375003,0.4744153,-0.2183904,0.2791039,-0.7160005,0.0298794,-0.6244318
-0.1799575,-0.9726642,-0.1114804,-0.6784447,-0.1098775,-0.2017609,0.5652778,-1.3873622
-0.8126029,-0.8578007,0.1705819,-0.1847437,0.9666620,1.1662261,1.5935453,-0.2053009
0.1220699,-0.3030191,0.6075036,-0.0113928,1.3275956,1.2185117,1.7566824,0.3482179
1.7080813,1.7791366,1.8811179,1.8246940,2.6215111,2.1792852,2.7172489,1.5221773
2.0047341,2.5020289,2.6595435,2.7774866,2.9713648,2.4425468,2.4446164,1.3355616
1.0722079,1.0920194,1.5589771,1.6989660,1.6480312,0.6335772,0.6554254,-0.3772432
0.8122855,0.2552975,0.2087366,0.9615183,0.7971508,-1.2390683,-0.6840374,-0.6899408
0.4349659,0.2476988,-0.5833268,0.6683570,-0.0556982,-2.1264026,-1.4734152,-0.4665602
0.0210136,1.1824596,-0.6739357,1.2960023,0.2265464,-1.3262199,-0.5765816,-0.1295296
0.4522813,1.9821658,-0.1874104,1.7906042,1.0995570,-0.6189469,0.5694111,-0.1202039
0.3143084,1.1461486,-0.2059908,1.1127796,0.7378699,-1.3359795,0.1999916,-0.5457333
-0.5892973,0.1776707,-0.7139208,1.1993861,1.2915565,-1.5140350,0.4907937,0.1550243
-0.1031239,1.2790583,0.1676892,2.8014421,3.3636646,0.0586785,2.5720549,1.7095126
1.2283022,2.5279927,0.9881691,2.9972801,2.9027477,0.4826263,2.9239155,1.6437464
-0.2225940,0.5471494,-1.0703079,-0.2110368,-1.1408879,-2.3282438,-0.9281945,-1.1536677
-2.0897646,-1.2343987,-2.4498530,-2.1621147,-3.2830404,-3.5259119,-3.6764173,-2.4927438
-1.8459026,-0.4101508,-1.7758400,-1.3017308,-2.8599537,-1.7683898,-2.8879684,-1.2532393
-0.5814156,0.5297828,-0.6061157,-0.7918822,-2.5485876,-0.2976213,-1.7684818,-0.2826333
1.0045704,0.7444525,0.7508274,-0.6662459,-2.0349395,0.9596369,-1.1106654,0.3457404
1.2212698,0.4957828,1.6977014,-0.4193686,-1.6343287,2.6258251,-0.4970742,0.8949783
1.2182363,1.0913325,3.5709323,0.8604578,0.3236185,5.0855086,1.4385804,2.7022506
1.1745466,0.3443559,3.5007368,0.5321588,1.0805867,5.2358594,2.2811954,3.3045111
-1.0137932,-3.7629426,-0.3415512,-3.5659611,-2.6858216,1.3531562,-0.5172837,-0.1482922
-2.0540611,-4.4330041,-1.4610392,-4.2404967,-3.1198435,0.3138164,-1.1506086,-0.6470900
-1.7419869,-1.7453955,-0.1871585,-1.7352217,-0.5083909,1.9650738,-0.2226220,1.1814650
-1.0270712,-0.9216841,0.2301447,-1.5915893,-0.7049647,1.6437236,-1.1285705,0.1162437
0.8082346,-0.4992269,0.3097827,-1.5043257,-0.8781805,0.8254189,-1.3081616,-0.5221784
-0.8592322,-2.3869163,-2.5273817,-2.6093234,-2.4021661,-1.5873559,-3.2548788,-1.9297226
-2.9060008,-4.1154456,-4.3644830,-3.6803927,-3.7219563,-3.0999865,-4.4881561,-2.9729263
-1.5469256,-2.9752673,-2.8945868,-2.6375498,-2.3935403,-1.9918671,-2.6530459,-2.1555612
-2.3066294,-3.3736263,-3.2363006,-2.6520783,-2.3462655,-2.5684607,-2.8613070,-3.3145965
-1.5057608,-1.5829061,-1.7724488,-0.6094222,-0.2431529,-1.5020985,-1.1149793,-2.1472742
1.7305427,1.2455457,1.1508883,1.6932667,2.5589778,0.8727316,1.7487367,0.6354788
2.1909438,1.1304953,1.5206583,1.2495210,2.1105253,0.7491351,1.2198389,0.7772634
2.6554532,1.9090302,2.0637644,1.7125994,2.2488408,0.9359711,1.9041580,1.1399449
3.2790861,2.3302492,2.0114974,1.4690329,2.0775802,1.0751521,2.9737764,1.3444927
1.1232445,0.8097209,0.1401890,-0.2002924,0.5432463,-0.1953703,1.5173780,0.6542338
-2.0434421,-0.7129479,-1.5795418,-0.8825206,-0.2482396,-1.7447826,-0.3351366,-0.5292256
-2.2928328,-0.3667118,-0.9136704,0.1074283,0.1131064,-2.1204914,-0.0954943,-1.3282701
0.4087587,1.2884691,1.4625769,1.5221940,0.9844574,-0.9983022,1.7129798,-0.0851095
0.3007523,0.1825764,0.6837403,0.3469369,-0.2784165,-2.0920871,0.5337268,-0.9844604
-1.9321793,-1.0983477,-1.1348825,-0.4352701,-0.9832245,-3.5440912,-1.0000944,-2.5816509
-0.0348548,1.6850523,1.2402125,2.6088689,2.8582152,-0.0474901,2.7821523,1.3163034
2.1971518,3.5537055,2.8276939,3.8589607,4.8915469,2.8440864,5.5193876,4.1834693
2.0173655,3.5654383,2.2837446,3.0901841,4.0299223,2.5982648,4.4878164,3.3063677
1.7069309,3.6194797,2.2387082,2.6767930,3.1467197,1.9241529,2.6662141,2.1549732
-1.1335790,0.6458507,-0.6626244,-0.6078483,-0.9252715,-1.3079540,-1.4776629,-1.1937708
-2.4727644,-0.7875248,-2.1157740,-1.2712746,-1.9797693,-2.1625769,-2.1367159,-1.5838106
-0.6417223,-0.0979404,-0.9829714,0.2900734,-0.6140592,-0.7872808,-0.7630637,-0.2587416
-0.4495929,-1.8857929,-1.9297609,-1.7702333,-3.0847949,-2.2565104,-3.3573292,-2.1948414
-0.0373164,-1.3918421,-1.1392563,-1.4479305,-2.1798432,-1.2699417,-2.5041813,-1.3088530
-0.7188014,-0.9361960,-1.0482165,-0.8902067,-1.1996973,-0.5540479,-1.2205544,-0.9889048
-1.6186597,-2.0732869,-2.1139575,-1.9613316,-2.7211207,-1.6492994,-2.6485640,-2.1436109
0.0799431,-0.8861303,-0.3279524,-0.6817987,-1.3554263,-0.0175784,-1.3800639,-0.0829138
-0.7123193,-1.9176215,-0.8837016,-1.6731248,-2.2188326,-0.3452312,-1.9815396,-0.7426082
-2.3991215,-2.9675517,-2.2700123,-2.3924710,-2.8232906,-0.8780083,-2.6692173,-2.0594095
-1.1422257,-1.1659872,-1.1758489,-0.3771443,-0.2740101,0.9909991,-0.3676460,-0.2606913
0.8439044,-0.2968184,-0.1632098,0.2350450,0.2954933,1.4753948,0.0991650,0.4044132
2.7646897,1.2029476,1.9409359,1.3288323,1.2964597,2.3020660,0.9841982,1.0704704
3.0039151,2.5604045,3.3409045,2.6349425,3.2402783,3.1166385,2.9631670,2.4213133
1.9935620,2.4105307,2.6580600,2.7464996,3.5129812,2.8011192,3.2375506,2.7922346
1.6521438,2.0334486,1.9597620,2.3884030,2.9181534,2.6953085,2.8622804,2.8175307
1.2805377,0.5400716,0.7469619,0.8869333,1.8059645,1.9747736,2.1786768,2.7578523
-0.3125556,-1.3822807,-1.0035460,-1.1306562,0.0501418,0.5477938,0.5221747,1.0300814
-1.4130908,-1.2213099,-0.9499337,-0.9195831,-0.3977795,0.0139707,-0.3750619,-0.8018686
0.1437113,0.0152353,0.3322906,0.5386202,0.3798064,0.0724706,-0.1062912,-0.3770255
1.1300590,-0.5705742,-0.0702881,-0.5948761,-0.6836448,-0.7424080,-0.6185619,-0.5012505
0.9025991,0.3347923,0.8565154,-0.0180316,0.3077258,0.7305856,0.9868466,0.6343602
1.4059150,2.4543818,2.8966403,2.1369774,2.8639260,2.8590172,3.2066271,2.7693674
0.7287257,1.1691474,1.5658356,0.3245733,0.7127387,0.5903452,0.7021316,1.0015983
0.3843966,1.4225588,1.4626929,0.4983284,-0.0285841,-0.0391909,-0.3383241,0.6018125
1.5211652,3.1861566,3.1278803,2.4642623,1.7415537,1.7832459,1.7314618,2.2477438
2.0563152,2.1606271,2.6220199,1.3164416,0.4620315,0.8430303,1.4212318,1.1378006
1.4309607,2.0440196,2.0921507,1.4110253,0.0827920,0.4193513,1.3105768,0.3774216
1.2060848,2.7564067,1.9694209,2.5331215,1.4956923,1.2833127,2.2960339,1.2688972
-0.7182710,-0.4672180,-1.2350142,-0.5427531,-1.0965171,-1.6806010,-1.0738891,-0.9447318
-4.9646091,-4.4721756,-5.6221880,-4.5530139,-5.4232774,-5.9338323,-5.8732365,-5.2703633
-4.1006866,-3.0384302,-4.4094639,-3.1530067,-4.3163220,-4.6814413,-4.6007100,-4.7000514
-1.0812791,-0.9613523,-1.2662392,-1.2667776,-1.7414284,-1.8365097,-1.9545866,-2.4146560
-2.5294673,-2.5871646,-2.0468240,-2.6324592,-2.0260951,-1.7447926,-2.4956461,-3.0693785
-3.6972154,-3.3198493,-2.9952697,-2.6439024,-1.6649272,-1.6645314,-2.4064288,-2.7774920
-3.0861236,-2.2903524,-2.7357317,-1.9798056,-1.2744591,-1.4849085,-1.6357653,-1.7714833
-2.0751792,-2.2683922,-2.7703540,-3.0242779,-2.5665563,-2.1396026,-2.3524662,-2.0502709
0.0179305,-1.6918120,-1.5448670,-2.6228216,-2.2318758,-1.5456532,-2.1777157,-1.0185828
0.8802907,0.5509551,0.5912661,-0.0169183,0.2992136,0.6199117,-0.0712761,1.2033859
0.3471210,1.4554677,1.2031952,0.8599713,1.2744670,1.4380029,0.8998273,1.6013120
1.6228449,2.1072139,1.9936956,1.4960929,2.2219066,2.4518448,2.3066063,2.1612329
1.3632180,1.6654986,1.8591938,1.8848920,2.7405445,2.9964321,2.9156104,2.7309315
-0.4049805,-1.0062170,-0.2494912,0.1770365,1.0780727,0.7868919,0.6735354,1.3759409
0.6126372,-1.5099153,-0.5434357,-0.1986893,0.3391194,-0.4316646,-0.0383122,0.2875563
-0.6375190,-1.5252136,-1.0017705,-0.5536194,-1.2227932,-1.4447332,-0.8698383,-1.2215468
-1.8348276,-1.2726503,-1.1909714,-0.5935831,-1.8603902,-1.8096572,-1.2775367,-1.2881830
1.5082103,1.2288044,1.0993956,1.9067347,1.5893883,1.0330626,1.8101820,1.5176480
2.3970557,2.4193800,1.9333885,3.3497862,3.7135856,2.4941487,3.2776074,2.1624934
1.3576739,1.9505404,1.1268667,2.8128446,2.7740246,1.2699273,2.0100348,0.7414566
2.2978975,0.9174990,0.3320730,1.1455434,0.8828892,0.0966676,1.0344971,0.0434067
1.2057361,-0.9757809,-1.3351819,-1.3543908,-1.4948599,-1.3701877,-0.4665801,-1.3238350
-1.5844173,-1.8336173,-2.7040913,-2.1582563,-2.1283839,-2.4598733,-1.7863241,-2.5423597
-1.4549226,-0.8422327,-2.1826910,-0.9072531,-0.6146906,-1.8983574,-1.0726292,-1.6494157
1.5958310,1.5263957,0.2938682,0.9422789,1.1902275,-0.3320932,0.7660594,-0.0663890
2.5925904,2.4704171,1.4318855,1.5188032,1.6162806,0.0948395,0.9939722,0.5076777
1.5247786,2.2057127,1.5199250,2.2907357,2.3511939,0.6489236,1.5635989,2.2770824
1.4368134,2.8076144,2.4644553,3.9463374,3.9907603,1.8510702,3.3886278,3.6244360
0.4934135,1.3443287,0.9063958,2.6103994,2.9495987,0.2831597,1.9068584,1.0505943
1.2349063,1.9803180,1.1341510,3.1167950,3.3119829,0.6927709,1.8380568,1.4402682
1.5184647,2.8673401,1.9576925,3.6011979,3.0492238,1.4390816,2.1135929,2.5237163
-1.7126707,-0.5663355,-1.0298462,-0.3022359,-1.0867498,-1.5479125,-1.7486373,-0.8308598
0.0090248,0.6794654,0.7534223,0.2616462,-0.6986644,0.0009799,-1.1882255,0.2973446
2.7663660,2.8408370,3.5271125,1.6053686,0.1848329,2.5947775,0.3394594,2.4307842
1.2452131,1.6807967,2.7775228,0.8748334,-0.1678080,2.9623473,-0.3594477,1.5477967
0.7367460,1.4858061,3.0949018,1.7957053,1.5578746,4.3933469,0.9929995,2.0960978
-0.6865323,-1.2295894,1.0896044,-0.5490382,-0.4629913,2.4645301,-0.2917815,0.4311175
-3.0872237,-3.9122191,-1.7214448,-3.5159811,-3.4042857,-0.4998581,-2.6722153,-2.4040381
-2.8119270,-3.2382105,-1.3743021,-3.0766765,-3.4945249,-0.6300998,-2.4776034,-1.9330056
-3.3831734,-3.6444054,-1.9292085,-3.6003889,-4.0077882,-1.3718979,-3.3025914,-1.5827849
-4.1957113,-4.5173126,-3.0756325,-5.2553548,-4.7478529,-2.4522413,-4.4762991,-3.3503467
-1.5380858,-2.5743488,-1.2284670,-4.0822940,-3.5960359,-1.1406697,-2.7699974,-2.9890440
-0.0882590,-0.7586888,-0.1169132,-2.2380581,-2.2186766,-0.0991660,-1.0012940,-1.0595571
-0.2771104,-0.8645618,-0.8521299,-2.1229430,-2.3131425,-0.5482205,-1.0381176,-0.5636995
1.0844530,-0.5890651,-0.2917524,-1.4858434,-1.6604948,0.1101615,-0.3471828,0.3642835
0.3726859,-0.9471344,-0.6716842,-1.2963592,-0.6132766,0.6600368,0.5033155,0.7665695
-0.8719862,-1.5689897,-1.3848266,-1.5956354,-0.5263216,0.3524298,0.6087504,-0.1855426
0.7187545,-0.6557247,-0.3758921,-0.3474206,0.3494115,0.5356072,1.1417843,0.0279106
1.6270835,-0.0317479,-0.0147584,0.9528201,1.8564589,0.7562611,1.8476047,1.1262706
1.1698723,-0.3136684,-0.5667414,0.5853501,1.2226374,-0.2487917,1.2227774,0.6754014
1.2353157,-0.1556045,-0.7240122,-0.4412403,-0.6768522,-1.6836275,-0.1381033,-0.5982605
0.8674932,1.0359247,-0.2285887,-0.1136111,-0.1644457,-1.3808255,0.0294866,0.0211432
0.6443297,2.2188814,0.5373155,1.0450947,1.5247230,-0.2851005,1.1525367,1.1363305
0.9464422,1.1819780,-0.0126724,0.6209593,1.1080752,-0.5796841,0.8660725,0.0826277
-1.2145860,-1.8974020,-2.8617770,-1.9880978,-1.4387403,-2.9595441,-1.4856273,-2.9851745
-2.8733506,-2.3345646,-3.4814070,-2.4457342,-2.0854630,-4.1057662,-2.2011037,-3.9985743
-1.1732651,-0.3964653,-0.7723765,-0.0637746,-0.3381433,-2.8315542,-0.6593027,-2.1943564
-1.8814512,-1.4651060,-1.1382722,-0.4384991,-1.2955949,-3.6370128,-1.5328481,-2.7475380
-2.5048751,-0.9834342,-1.1746903,0.1808355,-0.7943335,-2.8050326,-0.8773432,-2.2191193
0.4653084,2.4014775,1.8161530,3.0493848,2.5539597,1.0351951,2.4013177,0.9800707
1.6231774,2.4057093,2.2281568,2.5075667,2.5589127,1.9161328,2.5850569,1.5160663
1.9626979,2.4667753,2.4745652,2.5835789,3.0230410,2.8062329,3.2115311,2.5476220
1.2597025,2.9248117,2.2716470,2.9988218,3.2088231,3.2472844,3.3819970,3.2066872
0.2159402,1.6419781,1.0928559,1.8766246,1.3565851,1.6281229,1.1122293,2.0431694
1.5081324,1.4160165,2.1747367,2.1858844,2.1274940,1.7420839,0.7921665,2.5224701
-0.0316365,0.1373288,1.2618543,0.7765253,1.5925554,1.1016828,-0.1216892,1.1217884
-1.0525910,-0.1308623,0.5283303,-0.0054180,0.4892690,0.7549158,-0.6875438,-0.4458598
1.0534185,1.8352691,1.9891629,1.5455955,1.6492364,1.9068509,0.8109916,0.4379158
-0.2567392,0.2963221,-0.1297340,0.0396765,0.0987975,0.5440704,-0.2329904,-0.2783237
-0.7477242,-0.7223996,-1.2772584,-0.8938269,-1.0969664,0.1732322,-0.7010222,0.0288112
1.4549078,1.0118989,0.2600769,0.0415633,-0.2344559,1.1241567,0.2994506,1.2554204
1.4400662,0.3741381,-0.1066712,-0.6391885,-0.6354564,0.4259062,-0.4603962,0.6493237
0.0308385,-0.5265939,-0.4840068,-0.5546858,-0.3495420,0.6178174,-0.5027036,0.3967600
-0.2956149,-0.0628619,-0.0840013,0.1524902,0.3424865,1.0341982,-0.1238104,0.2434865
1.4859538,0.3267809,0.5396164,0.2607922,0.0976127,0.7461924,-0.1489763,0.0443608
2.1155569,0.8059596,0.9143113,0.3939473,-0.2623391,0.5350767,0.2774022,-0.1179415
0.1685454,1.3500924,0.6550607,0.8835424,0.4409564,0.6426027,0.7690414,0.6482923
-0.6161334,1.4653406,0.5142056,1.2192873,1.2721239,0.8956136,1.1384461,2.0574121
-0.9856307,-0.6942684,-0.9097978,-0.8356436,-0.5130729,-0.9984628,-0.3898035,-0.1832988
-1.6648848,-2.1959353,-1.9849733,-1.9234184,-1.3757565,-2.0391985,-1.3883709,-2.2492556
-0.9520955,-0.2295889,-0.4580231,0.3949688,0.5710014,0.4164216,0.6568558,-0.2902584
0.3193375,1.0892132,1.1372046,1.3770877,1.4374489,2.0659034,2.0487255,1.1272303
1.5491141,1.2811556,1.3089696,0.9720302,1.6896259,1.9891787,2.2010373,1.5673734
1.6426578,0.5764291,0.2046086,0.1102089,0.5368520,0.3160336,0.6638930,1.0954022
-1.3210279,-2.7648578,-2.6191789,-2.9136636,-3.6436787,-3.4019091,-3.2186932,-1.9378461
-3.3763975,-3.2966798,-2.9735065,-2.8705732,-3.7524311,-3.3849570,-2.8700002,-2.2188209
-1.7208013,-0.7496737,-0.0293534,0.1381425,-0.3297455,-0.6519033,-0.1557619,-0.1376715
-0.7216732,-1.5178388,-0.0375140,-0.9666995,-1.7300298,-1.9488191,-1.8871623,-1.8954841
-2.1113903,-3.5770310,-2.1271791,-3.3451533,-3.9044622,-3.7698518,-3.6645608,-4.0722258
-3.4248705,-4.1094196,-3.2537003,-3.8169934,-3.5596900,-3.8266068,-3.8908151,-3.9925130
-1.9405221,-3.1460441,-2.6968814,-3.0719315,-2.9171914,-3.3826529,-3.6112623,-2.6690158
0.8830188,-1.0992096,-0.1023774,-0.9277465,-0.9609745,-1.0506727,-1.2092980,-0.1626589
0.5240987,-0.7761183,0.5116023,-0.2209384,-0.0160916,0.4827122,0.2780435,0.4978104
-0.7303599,-1.0252121,-0.1531194,-0.1734239,-0.2378398,0.4429528,0.2490077,-0.2059117
-1.3165677,-1.5395635,-0.9400021,-0.9367122,-1.2785061,-0.6147722,-0.9764116,-1.5609612
-2.3034269,-3.1116038,-2.7187683,-3.1257299,-3.4166364,-2.4631204,-3.0723831,-3.2517729
0.4040483,-0.7869179,-0.3486292,-0.4042662,-0.6148123,-0.0421475,-0.6213750,-0.0205327
4.8569011,4.6337815,4.8109421,5.2814800,5.1292263,5.3865510,4.8220145,5.9172620
5.5327256,6.2870395,6.3823443,6.4231120,6.3231097,7.2638359,6.4586470,7.3906552
3.7418225,4.3786351,4.5608570,4.3969312,4.8101666,5.8229864,5.0838567,5.4751165
3.4515782,4.5526523,4.0534071,4.3603462,5.2009034,5.3063407,5.0921131,4.7257716
2.1913398,3.4723310,2.9954029,2.8948963,3.1356752,2.7587222,2.7369606,2.0427107
-0.3993720,0.3526225,-0.0267177,-0.4386008,-0.9723297,-1.3473595,-1.2024128,-1.0791765
0.2341599,1.3895085,0.3560087,0.6917126,0.6124565,-0.3268921,0.4280044,1.1261523
-0.9285205,-0.0541917,-0.8365614,-0.5293500,0.1509015,-0.8778788,0.1161961,-0.1871681
-2.2869740,-2.0078951,-2.5606897,-2.4945094,-1.9477478,-2.5229194,-1.6718388,-3.2687482
-0.7137164,0.0107938,-0.9189127,-0.2879535,-0.0049548,-0.7880645,-0.1117557,-1.5126480
-1.9561306,-1.2328436,-2.6779154,-2.0183514,-2.3204440,-2.9010715,-2.0643819,-3.0002225
-0.7713518,-0.9340177,-2.4699716,-2.4827784,-2.8302829,-3.2480845,-1.8594469,-3.0858616
1.3774111,0.8706070,-0.2206200,-0.1002440,0.6064031,-0.2955616,1.0039299,0.1458351
0.6426660,0.3061509,-0.6500348,0.2996325,1.1102208,0.0113789,0.9121120,0.2053507
0.8580248,0.0853621,-0.4208537,0.6345366,1.2285997,0.0762881,0.8010458,-0.4452207
0.0636649,0.0978691,-0.5254310,0.5517498,1.2908278,0.1732636,0.6615120,-0.2667215
0.0560270,1.2698571,0.1076389,1.1173928,1.2920340,0.1951066,0.4389099,0.1479586
0.4915271,0.7056610,0.2011085,0.1598638,0.0034798,-1.0115139,-0.9478785,-1.2062986
-0.7269849,-0.4350611,-0.6371664,-0.4629812,-0.0339042,-1.4157731,-1.1078163,-1.2034958
-0.6188579,0.4987274,0.3928852,1.8802629,2.5414781,0.2435565,0.8404296,1.1991974
-0.9286619,-0.1425423,-0.2095199,1.4980679,1.3844347,-0.9401683,-0.0722685,0.0940710
-0.5650195,0.6080877,0.0578185,1.4842013,0.7462975,-1.1492770,-0.0269912,0.1566058
0.1397752,1.6652220,1.1059763,1.9849791,1.0678682,-0.5016903,0.0043060,0.6766747
-0.6156079,-0.0236594,-0.4427360,-0.4041085,-1.9498178,-2.5654870,-2.9061755,-2.1445079
1.1426844,0.7650541,0.5626789,0.3678932,-1.5674760,-1.0712092,-1.8391837,-0.5901675
1.1484944,1.0564182,0.7060253,1.1983627,-0.3526531,0.8270538,-0.2297299,1.6842409
-2.1453244,-1.4476515,-2.0186275,-0.8896132,-2.2481067,-0.5544115,-2.0577350,0.0309041
0.1331429,0.0140398,0.1575660,0.7612391,-0.5493644,1.7207928,-0.0338596,1.6656696
2.6532043,0.9429639,1.7070229,1.2080943,0.3734156,3.2527054,1.7732763,2.6001852
-0.9159708,-2.5711148,-1.2287143,-2.6077936,-3.0397215,0.3367420,-1.3834353,-0.9121523
-2.1129865,-3.2140867,-1.2926778,-3.2151055,-3.6341215,-0.1001481,-2.0948359,-1.7190042
-1.5276806,-3.3161674,-1.1870765,-3.6786259,-4.1173674,-0.8227601,-2.5848716,-1.6790094
-2.6808127,-3.8001657,-1.7957751,-4.8096822,-5.0106743,-2.1131647,-3.9274403,-2.2960023
-0.3541541,0.4361472,2.1312031,-1.0036320,-0.4570598,2.0045284,0.0386862,0.8136755
1.9949434,2.5660731,4.0836336,1.2138066,2.4722926,4.3370025,2.3441057,2.3786906
1.6392506,1.1870248,1.9799992,-0.0283765,1.1734039,2.5168885,1.2288724,0.9969438
1.0954355,0.0731483,0.6877312,-0.6309546,0.3928563,1.3522459,0.8850424,0.2992785
0.2349382,-0.8601220,0.1181644,-1.0466011,0.3399269,0.6663032,0.4549566,-0.1184723
0.1274146,0.3746262,0.7491159,0.3293154,2.1681438,1.5995512,2.2223113,0.8419999
-1.2518903,-0.7471962,-0.4344566,-0.0663336,1.5036246,0.2446625,1.5457748,-0.1954483
-1.6579041,-2.7258959,-1.9357504,-1.9318272,-0.9231877,-2.3691454,-1.0333106,-1.8396119
-0.2651270,-1.3178943,-0.9830872,-0.8459381,0.1131749,-1.5237820,0.0317077,-0.3764154
-1.9782782,-0.7921714,-1.9546425,0.0616022,0.8374919,-0.9030894,0.8243730,0.0297722
-1.4610142,0.2171252,-1.8896290,0.8638941,1.3924370,0.2117746,1.6611008,0.8550826
2.1454586,1.3757660,0.5279224,1.7821648,2.3006572,1.7570356,2.6872792,2.7680784
0.2992098,-0.7254015,-0.7578633,0.0127071,0.1326922,-0.3073737,0.7013700,0.8608249
-2.2315092,-1.9248450,-2.2700821,-0.9213683,-1.1196643,-2.1110989,-0.7479846,-1.6368101
0.2928326,0.2238790,0.0104028,1.3197136,1.1302886,-0.3811488,1.2022396,-0.3870614
1.3371940,0.6059500,0.8288217,1.3609403,1.0107778,0.1180468,1.7499804,0.0674872
0.1388716,-0.2877701,0.3873098,-0.0406757,-0.7192449,-1.1488275,0.0793592,-1.0120902
1.8700487,2.8821811,2.8745483,2.5173054,1.8970435,0.7178852,1.6730769,1.1916050
2.6157382,4.0878320,2.9812894,3.1985830,3.0837881,1.5633023,2.0828586,1.8244969
1.0953599,1.8749442,0.4043492,0.8927211,0.6524426,-0.5560269,-0.5850007,-0.5427031
0.9144479,2.1707365,0.1728842,1.2850414,0.8598199,-0.4476815,-0.5952361,-0.1128495
0.5444872,0.9669145,-0.7043245,0.4271628,0.3864731,-0.6341619,-1.1264410,-0.2577719
-0.5053214,-1.3022731,-1.8201187,-1.6723198,-2.0636944,-1.9178449,-3.0653109,-2.5247549
-0.2801508,-0.2894616,-0.1257910,-0.6287257,-1.3043508,-0.6823889,-2.1682337,-1.6686014
-0.4426807,-0.3405303,0.0903251,-0.4398305,-0.6802727,-0.4712574,-1.4010746,-0.1522224
-1.3717545,-1.7978996,-1.3073123,-2.0547862,-2.3772240,-1.7675606,-2.2277529,-0.8780818
-1.1645919,-0.7267118,-0.4897917,-1.0236024,-1.3395420,-0.0771751,-0.9187131,-0.0210975
-1.0820674,-0.8005180,-0.6117310,-0.7750089,-0.8503787,0.5310520,-0.4156957,0.1245736
-2.3165539,-3.2011720,-2.6415530,-3.2968579,-3.6143775,-2.1342970,-2.8232910,-2.4528656
-0.8007329,-0.8940349,-0.2196547,-0.7594919,-1.1042416,-0.2354635,-0.5887545,-0.2156040
0.6918757,0.9797255,1.7171110,1.8775707,1.5875168,1.4734449,1.4651028,1.5868491
-2.2800131,-2.9098279,-2.1762485,-2.0459185,-2.4077376,-2.7356813,-2.8416201,-3.0041279
-2.4507191,-3.1878082,-2.8105613,-2.4350660,-2.6660910,-3.0522341,-3.2745485,-3.3593936
0.9724354,0.4776922,0.7385397,1.7837331,1.3800947,0.8183926,0.8355816,0.4739630
0.1176504,0.6243580,0.3474653,1.6354809,1.1235604,0.8285052,1.0467831,0.0785336
0.1898591,0.4383512,-0.1231623,0.5926374,0.3421944,0.3620400,0.6511901,-0.3116227
4.9499590,3.6444817,3.8947933,3.5716544,3.3163142,3.2988299,3.7354965,2.9457647
3.6627365,2.6150105,2.8599064,2.2578867,2.1932262,1.9815676,2.6079610,2.2153891
-1.3341113,-1.0674229,-1.7725702,-1.6598891,-1.0164154,-1.4453370,-0.5388388,-0.2701700
-0.4315057,1.0011226,0.0289226,0.6619220,1.5558165,1.3745922,2.3576325,2.3805265
0.4636098,1.2603277,0.9115753,0.7920235,1.2918881,1.9235051,2.3967302,2.0110381
0.9996550,0.4504167,0.6169768,-0.4786483,-0.1495117,0.9591008,1.1901726,1.0925171
2.5860389,2.4758991,2.7839426,1.6516375,1.9978439,2.8581730,3.4890141,3.5444926
-0.8453072,-0.5027812,-0.0477357,-1.1156746,-1.0982959,-0.3708633,0.4862915,0.2722465
-2.3541988,-2.1146597,-1.3711374,-2.3165110,-2.5690685,-1.8290492,-1.2355011,-1.5952042
-0.1747671,0.2554307,0.9710444,0.3927118,0.0921770,0.4682448,0.8299071,0.3507862
-0.1271339,-0.0825790,0.1246800,-0.4512527,-0.8430803,-0.9851432,-0.6711556,-1.3744409
0.9479869,0.5351519,0.9541660,0.4631265,0.4650432,-0.2353120,-0.5218899,-0.8890082
0.6491543,1.4327008,2.0468657,1.6705502,2.2823625,1.8118841,0.8626426,0.7039427
-1.8704510,-0.5041801,-0.5323835,-1.1472897,-0.4644279,-0.3189672,-1.2429199,-1.1692273
-1.5835751,-1.8340741,-2.1158547,-2.4664029,-1.9435945,-2.1919182,-2.7009460,-1.3782815
-1.0291886,-1.5435111,-2.1978386,-1.8678103,-1.8871089,-2.3010713,-2.2439164,-0.6576802
-1.5376030,-2.3072721,-2.6119676,-2.8129548,-3.2793402,-2.6930545,-2.9950825,-2.0898289
0.8954128,-0.6968178,-0.2825419,-1.0088960,-1.0643879,0.3681114,-0.5305162,-0.0045920
4.2526655,3.5517629,3.6791597,3.7302629,4.2570237,5.4235203,4.5915124,4.7504288
2.9690966,2.6202566,2.8168312,3.2774590,3.9989354,4.2948840,2.9866685,3.3118639
0.3437775,0.5823111,0.4087226,1.2817953,1.6197518,1.3467112,-0.0153859,0.2297243
-0.0824765,1.0529108,0.5073918,2.1124853,2.1684291,1.6193905,0.9372180,0.9012675
0.4684301,1.3237636,0.9918743,2.4194646,2.6189170,2.0448108,1.8569430,1.4047568
1.1104934,1.9302811,1.4632059,2.1004153,2.3595856,2.0172481,2.2845940,1.1396311
-0.5808854,0.1185056,-0.1715836,-0.0838042,0.0429272,-0.1214251,0.2187703,-0.6035774
-3.4186206,-2.1786787,-3.0845193,-2.6975940,-3.2803691,-3.2930847,-2.9772495,-3.4222055
-2.6305170,-1.3739546,-2.2805306,-1.5086167,-2.0092306,-2.1948655,-2.1029577,-1.6947800
-1.5432398,-1.4518619,-1.6913368,-0.7749003,-0.3729330,-0.7850794,-0.5157861,0.4965742
-2.6171969,-3.6413956,-3.9734636,-3.6743700,-3.4846577,-3.7675274,-2.7956087,-2.7282465
-1.3184274,-2.7211215,-3.0018994,-3.3782493,-3.2007575,-3.9360171,-3.0832580,-2.9181433
1.7335024,1.0754222,0.4035575,0.5064549,1.0852546,-0.1142777,0.7754664,1.2117725
1.7579548,0.9778502,0.6571229,0.8029988,0.8884007,-0.0789244,0.9070966,1.0466360
0.3633936,-0.5547259,-0.6030074,-0.8417943,-1.0127296,-1.7974372,-1.0445338,-0.5216343
0.1145355,0.1986218,-0.6650302,-0.6853444,-0.8887020,-1.6547844,-0.7953275,-0.0556450
0.9468540,1.4155478,0.8107063,1.0665243,0.1868798,-0.7421001,-0.0657090,0.7728108
1.8681606,3.1433280,2.3772600,3.1748133,1.9337457,0.2308338,1.1183456,1.3272532
1.5496918,2.3723262,2.0876375,2.9712073,1.9247604,-0.7039769,0.4321080,-0.2279135
-1.1259515,-1.2414302,-0.9866595,0.0428429,-0.9711994,-3.6276911,-2.8145913,-3.9210959
-1.5676422,-1.0708065,-1.2366080,-0.0849418,-0.7368249,-2.7571652,-2.3554594,-3.1605397
0.8181518,1.9232717,2.3490267,2.6392779,2.1579299,0.9417275,0.5453325,1.0992214
2.8529447,3.8580855,3.9082086,3.4700676,2.4540841,2.5411547,1.6624393,2.3231939
4.2245838,4.5728904,4.0279226,3.6001768,2.5962115,3.7882059,2.3982109,2.7342571
3.6415189,3.9417956,3.6647142,3.3469934,2.4837554,4.5633640,2.6437278,3.3645537
2.6973083,2.9019335,3.2087277,2.3015143,1.9141110,4.7829015,3.1467927,3.2352371
1.8937819,1.4918562,3.2803319,1.7096761,2.5102434,5.4979263,4.1144799,3.5607807
-1.4738731,-1.3730292,0.2960397,-0.7930211,-0.1064054,3.1361303,1.8977938,1.2436926
-2.5724633,-3.9758608,-2.2713003,-3.5797585,-3.4857233,-0.0766720,-1.1903216,-1.8567342
-1.0820184,-3.8233559,-1.9660653,-3.3872923,-2.8266659,-0.1082872,-0.5854214,-1.1154864
-1.4541039,-2.7242355,-1.8212405,-2.4119497,-1.2605764,0.5315778,0.7529760,0.6142834
-1.6516559,-2.2108407,-1.1366943,-1.8501404,-0.6094500,0.5835923,0.3815055,0.2776679
-0.7216657,-0.2086585,-0.2695225,-0.3763065,0.2799166,1.4317552,1.0220982,-0.0610134
-0.2122677,0.2214880,-0.2344582,0.2012272,0.6775292,1.2828585,0.6038267,0.0966147
-3.1595508,-3.2038148,-3.3298570,-2.9461770,-1.9231791,-2.3387283,-3.5860376,-2.6592507
-5.5110204,-5.0144268,-5.6459688,-5.2393489,-4.1029195,-4.4847742,-5.8411112,-4.9516226
-2.9904398,-3.4556740,-2.7409084,-3.4660236,-2.6471300,-2.6274838,-3.8798007,-3.0562833
-1.8422011,-2.3402722,-1.4432691,-2.4935912,-2.2843300,-2.1237200,-2.5131739,-1.8831912
-2.4597361,-2.9427950,-2.1105899,-3.2490423,-3.4792984,-3.1293972,-3.0667228,-2.6397278
-1.2533402,-2.7487612,-1.4070216,-3.3224047,-3.5416688,-3.0939330,-2.9809178,-2.3674029
-1.5398914,-2.1060159,-2.3281454,-3.0247308,-2.9007130,-3.2160179,-2.4108798,-1.8774587
-0.9215890,-0.3232143,-1.2273053,-0.4240468,0.2182790,-1.1891701,-0.3522450,0.2871273
0.9913919,2.4083119,0.9231797,1.8119868,2.0774452,1.0704296,1.7367959,1.6609093
1.6664502,2.1800659,1.0570333,0.9660766,0.7188793,0.3553749,0.8435623,0.0827295
1.7138160,1.6689132,1.0681360,1.2097136,0.9218779,0.0729314,0.7652448,0.0258950
2.2838755,3.1321213,1.8152973,3.4169673,2.8746749,1.3780265,2.8099003,2.0584529
1.8963010,1.9564078,1.4813659,2.9775575,2.3818793,0.1927156,1.7225290,1.2093373
2.0177971,1.0039573,0.9810786,1.5581483,1.0579655,-1.1771213,0.9997603,-0.1004368
4.0908400,3.1367098,3.2855010,3.0576432,2.5599504,1.2205534,3.6006836,2.2892709
2.8915823,2.8750295,2.6300505,2.3284063,1.5349811,1.1410302,2.5859823,2.1007541
-0.8177028,0.3084410,-1.1209720,-0.4590578,-1.5164087,-1.6175894,-0.6092627,-0.9631960
-0.9015363,1.0621790,0.3301995,1.1754598,0.7451051,0.2582238,0.6419429,0.5098971
-0.7081778,2.4654526,1.2714347,2.2062978,2.2548087,1.5611250,1.6760889,1.5988945
-0.9545986,0.8007296,-0.0206845,0.4151635,0.2229188,-0.4406807,-0.2431543,-0.1544080
0.6003438,0.4282255,1.1327103,0.7193227,0.4954315,-0.2175383,-0.2083508,0.3927548
0.1757457,0.6521199,0.7062246,0.8314244,1.0311905,0.3584778,0.3189986,0.4963110
-2.0949960,-1.4000165,-1.3403539,-0.9924097,-0.4129230,-0.6728654,-1.1307042,-1.2737526
-1.8706830,-1.9078554,-1.8887099,-1.8717552,-1.4038820,-0.9542775,-1.5300548,-1.7011690
0.8283626,-0.3063022,-0.2517689,-0.2622676,0.2175408,0.6384218,-0.0718975,-0.2321319
0.5995553,0.3397956,0.2555897,1.0140295,1.6881667,1.4558485,0.2990924,0.8229106
-1.3194495,-0.8199681,-1.4594090,-0.2742394,0.5011077,-0.1054665,-1.4797377,0.1156244
0.3038757,-1.4582386,-0.7992829,-0.7711010,0.0244659,0.0634494,-1.7596247,0.2310065
-0.4646286,-2.4669440,-1.5515468,-2.0398730,-1.4831757,0.0223044,-2.1170902,-0.5812133
-2.5659958,-3.8400007,-3.0932688,-3.3742745,-2.8725265,-1.0289617,-3.7937393,-1.5747010
0.0281607,-0.6224305,-0.1918095,0.3876242,0.5808353,1.4768321,-0.8046422,1.2960597
1.3117797,0.9488634,0.5749357,1.4658542,1.2434818,1.5077844,1.8675929,1.0411632
0.5885104,-2.0110464,-1.2370652,-1.8235363,-2.1490407,-1.6443068,-0.1009870,-2.4114027
2.9759879,0.7043600,1.5708843,0.8485326,0.2470119,1.1244393,2.0007162,0.5646448
2.2688042,1.7310937,2.1581693,1.8785896,1.3305782,2.0959315,2.4263989,1.6219323
-1.5116702,-2.6334660,-1.6415460,-2.6108528,-2.9754263,-1.9321657,-1.7609758,-2.2002928
-0.9691091,-1.0207843,-0.4685012,-1.2665545,-1.7143055,-0.4534694,-0.2652408,-0.0281634
-0.1539658,0.5097867,1.2806007,0.5806036,0.0221507,0.7090538,0.5565518,1.4402785
-3.1701448,-3.2417243,-2.4919193,-3.4805753,-4.0545561,-3.9353165,-4.1581444,-3.2012781
-1.8765326,-2.4519145,-1.7885901,-2.8211471,-3.0327624,-3.5291599,-3.8350536,-2.5031251
0.5981394,0.9792229,1.4575642,0.9832485,1.1079378,0.0269914,-0.5830648,0.6730416
-1.0578099,0.5516356,0.4566853,0.3302512,0.2764745,-0.3135436,-0.8292841,-0.3846642
0.6108671,1.5587193,1.9730168,1.9081658,1.4826065,1.7289781,0.8166855,1.5013053
4.1792006,4.1253135,4.9024998,5.3019985,4.8136016,5.3555662,3.7000129,4.9280020
0.1391469,0.7873406,0.9932289,1.5057385,1.1810889,1.5534965,-0.1541215,0.7931546
-1.9966281,-1.2739191,-1.1796141,-1.1976927,-1.2624266,-1.3372206,-2.9770120,-1.6558720
2.9374391,2.3850440,2.7184928,2.3637912,2.4313982,2.4316781,1.0399633,2.2147528
2.0628528,1.0319976,1.2474235,0.7281420,0.7437764,1.4653295,0.9153232,0.3024656
-0.7887370,-1.6031453,-1.4255483,-2.1452286,-2.1083068,-0.9681601,-0.8959661,-1.9599561
3.2353509,2.9737580,3.2572321,2.7325664,2.8480918,3.5690156,4.0365467,3.3156661
3.1021799,3.4864889,3.7787413,3.8158192,3.9803162,3.9568178,4.5938156,3.9547109
-2.8043866,-2.0706335,-2.1813550,-1.2501796,-1.2226181,-1.7588344,-0.6348204,-0.7432431
-0.8232076,-0.9541768,-0.8523467,-0.0425610,0.0173964,-0.5739947,1.7848077,0.4144156
2.0920273,1.1986741,2.2257570,1.5024107,1.6260577,1.9702681,4.4354528,1.6085718
-0.4380859,-0.2226659,0.2714184,-0.6074598,-0.4957148,0.5195947,2.5360520,0.1523607
-0.5888456,0.3815783,0.0940541,0.6188939,1.2307482,0.9927449,3.8480237,0.5674605
-0.4660831,-0.6523991,-0.4599124,0.0088537,0.9952434,-0.3618396,3.9697033,-0.9116289
-4.1061238,-3.1888353,-4.2496090,-3.1475725,-2.1441243,-4.0928630,1.8923866,-3.4455988
-1.9875121,-1.9278029,-2.5365440,-1.3966846,-0.3236206,-2.9117157,4.1461068,-1.4546278
-0.9796420,-1.5644184,-2.2579621,-1.5856763,-0.8861268,-2.8859851,5.0924072,-2.2157266
-3.4146729,-3.1606793,-4.7156575,-3.7390325,-2.8605774,-4.3295184,4.1381556,-4.0265827
-1.8002474,-1.6631990,-2.6996248,-1.3830996,0.0105080,-1.8419707,6.6888315,-0.9561331
0.8762649,1.2409426,-0.2802556,1.0367928,1.9190813,0.2199050,9.9338071,1.0210759
1.2427357,0.2371739,-0.4901135,0.1310268,0.3829285,-1.2746966,9.2906607,-0.8177219
2.2552088,0.9196524,-0.1979116,0.7243872,0.4657498,-1.0011468,9.9678826,-0.0272741
2.4700763,2.9622019,0.6170829,2.3439002,1.6164143,0.5731324,11.3296976,1.4787635
1.9744669,2.4585054,1.2205245,2.3915926,1.2876573,0.5551319,9.1739340,0.4529999
1.7661855,3.8271046,1.4303920,2.9981602,1.1687981,1.1048230,5.9466304,0.9986398
2.9769080,4.6793245,3.2139271,4.2813094,2.2441120,2.3011753,-3.2868427,3.1125548
2.9580104,3.9167245,2.4403611,3.2179623,1.2002645,1.0741303,-19.8785427,1.9942228
2.5959005,3.9033810,1.1335195,2.3217010,0.6532587,0.3710435,-29.9477461,1.1190646
2.2160499,3.5377579,1.7257898,2.6921660,1.4796498,1.4454542,-28.9950612,1.9189449
0.3315087,4.5222359,0.6975229,2.7142867,1.1657609,2.4653368,-23.3443196,2.0958355
0.9750199,3.7857789,1.4642314,2.7331652,1.6529794,3.7401578,-17.4696526,3.2883304
-0.5272637,1.4694729,-0.9784283,-0.0183247,-1.0662265,1.7112010,-13.4535832,1.3695546
-2.3350107,0.1806440,-3.4684340,-2.9202928,-4.5599349,-1.3184915,-10.0799469,-2.2976689
-2.5915809,-1.4105075,-2.5808723,-3.7348088,-5.1308811,-2.1616264,-5.7738761,-3.4339071
-4.0031989,-1.0068554,-3.7401929,-4.4888532,-5.8578481,-2.2703072,-0.1029615,-3.1299734
-2.5204128,-1.1682474,-2.2911759,-4.6246784,-5.2214590,-1.5163416,3.8165208,-2.5632805
-2.3302899,-0.1912220,-1.9655344,-5.1407166,-5.4140476,-1.5808044,6.3511658,-3.6830898
-2.3711995,2.7097046,-1.3158719,-4.0478616,-4.7064576,-0.5633352,9.1563160,-2.8031944
0.3559491,3.8751444,2.0380126,-1.5861787,-1.6983421,2.0129859,11.3155415,0.4221404
-1.1051892,4.2550973,-1.2405802,-2.6810593,-2.4094335,1.2833601,11.8756523,-0.0528591
-3.2320568,1.0286460,-3.9944461,-4.4567936,-3.1298147,-1.0540605,8.5220820,-2.1820723
-1.4578302,2.8341081,-2.7194955,-2.6079568,-1.1777261,-0.3419489,8.7293428,-1.2050872
-0.3103682,5.8058862,-2.2068089,-1.0749729,0.1229403,0.9697602,9.9593700,0.3386854
-1.5944521,1.0487859,-3.6577718,-3.8043071,-1.7187738,-1.4929066,4.8016861,-2.2363495
-5.1157461,0.0575731,-7.9522596,-5.7090978,-4.6041611,-4.1576882,2.0575231,-5.3957350
-0.1792685,2.5513260,-2.4363687,-0.3076783,-0.2751512,0.0988570,4.7069578,-0.6345511
-1.6242334,0.0920214,-3.7827041,-1.8687378,-3.1055115,-2.4881261,0.5590409,-2.6922409
-3.1872793,-1.6648048,-6.6449459,-4.8896199,-6.6082314,-5.2754263,-3.5917802,-4.3745315
1.1721953,0.1936497,-0.0715670,1.1127962,0.7406409,0.4669873,-0.9674554,1.8027487
0.4750316,-0.2629200,-0.2804188,1.1032368,0.6145725,0.0743626,-2.2178127,0.7100580
-2.5452264,-7.1892665,-1.8887768,-3.6771817,-3.4704592,-3.7171735,-9.5102006,-2.9884031
-0.4992897,-8.0749258,5.1240441,0.7217978,3.0152620,1.4541668,-8.6575302,2.1588615
0.1843899,-6.6359806,6.8499162,1.9261285,4.7831117,2.8890727,-7.6339804,2.6982462
-3.0714154,-18.0545036,6.9395776,-2.6792182,2.1279469,-2.3053439,-17.6410140,-2.7172305
1.8466248,-21.0431580,15.9662369,2.1155686,8.6848257,1.5805174,-18.4211925,1.9269350
6.9601660,-7.0057147,18.2707487,8.6596262,12.9503393,7.7262699,-7.9945292,8.0127132
